0.226686 3 W3C 1685
0.222529 11 F3W 1614
0.217044 3 A1W 459
0.200529 4 W1G 806
0.175143 3 W0C 362
0.169995 3 A3G 1331
0.140086 3 G0Q 153
0.138116 7 F4Q 2043
0.138114 12 P0W 312
0.132766 5 F1A 715
0.129278 4 W4K 2133
0.121247 3 P4C 2063
0.117437 3 W2P 1254
0.114896 7 F4C 2042
0.110874 3 G1C 593
0.103527 7 F3G 1604
0.100543 3 G4A 1912
0.100107 3 Q1C 551
0.095687 6 C4R 1850
0.093305 4 W0A 358
0.092419 8 V1F 854
0.088542 7 F0Y 292
0.079643 5 G3M 1483
0.079481 3 P2G 1184
0.074436 4 Y2W 1278
0.072879 3 A0P 15
0.072679 4 W2W 1257
0.071332 3 W2H 1248
0.071323 3 H0C 173
0.069376 10 W4G 2129
0.069298 5 P3H 1626
0.068095 8 K3P 1569
0.067794 3 C0G 92
0.067551 4 G2K 1041
0.067226 3 Q3A 1429
0.065471 7 E4W 1908
0.064389 3 G0H 156
0.06403 5 P2M 1189
0.063944 5 N2Q 930
0.063533 7 C3K 1419
0.063402 9 V1V 860
0.061739 7 F0W 291
0.059401 5 Y0A 379
0.058662 6 D4W 1845
0.058102 5 N1G 491
0.057322 3 A4H 1773
0.057219 7 V2W 1299
0.056924 7 F1N 717
0.054341 4 H1K 621
0.053592 13 C4P 1863
0.052465 5 G1R 590
0.051813 3 A2C 887
0.051108 17 E0F 140
0.050761 4 Y4G 2150
0.048269 3 N4S 1822
0.047485 12 A3N 1326
0.047151 4 Y3C 1706
0.045886 10 L2F 1106
0.045662 7 V3A 1723
0.044695 3 C2C 971
0.042945 3 Q4G 1877
0.042878 5 F2P 1170
0.04161 9 R2V 923
0.041593 13 S3V 1658
0.03987 3 P1C 740
0.039481 4 C0K 96
0.038825 19 D2V 965
0.038102 3 G0P 162
0.037446 11 V3F 1736
0.037381 9 V4W 2181
0.037041 10 W4Y 2140
0.036765 3 Q0V 125
0.036315 6 D1W 522
0.035953 6 E3P 1464
0.03562 8 R1F 476
0.035598 12 A4F 1778
0.035366 3 H2F 1064
0.034989 4 N4C 1811
0.034112 5 C1M 538
0.03374 8 R1M 475
0.033079 5 C4M 1861
0.032796 4 G2R 1031
0.032482 5 C1A 526
0.032308 6 S0R 317
0.031278 14 V4Y 2182
0.031273 20 F3V 1616
0.03082 18 I3F 1526
0.030358 3 A4P 1779
0.030321 9 F0V 293
0.030217 16 V2E 1288
0.030071 5 C1H 534
0.02982 3 G4C 1916
0.029752 3 G3C 1475
0.029115 3 Q3C 1433
0.028922 6 C3R 1409
0.028451 19 A3A 1324
0.028367 4 Q4C 1874
0.02819 4 N2H 933
0.027508 9 L4A 1975
0.027421 3 N3G 1373
0.027315 11 R4R 1787
0.0271 6 D2A 946
0.027023 7 F0F 287
0.026477 6 M0I 262
0.026017 11 M3H 1584
0.0259 11 M3F 1589
0.025899 11 M2P 1149
0.025802 10 V0E 406
0.025439 4 W4Q 2127
0.025181 3 T4C 2105
0.024261 3 Q2T 1004
0.024122 6 F3Q 1602
0.024035 4 N1T 500
0.023806 3 E4C 1895
0.023769 5 S1Q 762
0.023695 6 R0V 41
0.023468 5 S0M 328
0.023339 6 H3L 1502
0.023119 8 V2F 1295
0.023118 3 N0G 50
0.023027 7 K2A 1114
0.023006 13 R3H 1353
0.022992 7 M1A 694
0.022897 4 P1K 747
0.022823 6 A2R 884
0.022739 16 V2S 1297
0.022579 3 N0K 54
0.022575 10 V0Q 405
0.022552 5 Q0R 107
0.022552 4 Q1Q 552
0.022457 13 G4N 1914
0.022089 3 G2C 1034
0.022085 3 H1D 613
0.021896 17 A2Y 901
0.02167 7 V4T 2180
0.021522 3 G1V 608
0.021483 10 H4F 1946
0.021361 5 T2K 1230
0.021248 4 Y2T 1277
0.021238 7 F2Q 1161
0.020918 6 E1Y 586
0.020755 5 N3C 1370
0.020225 10 R3Q 1350
0.019908 20 F0N 276
0.019832 20 F2R 1157
0.01982 9 V0F 413
0.019814 5 S1G 764
0.019654 20 M2F 1148
0.019468 18 A4M 1777
0.019379 4 S0G 323
0.019079 4 S1M 769
0.01907 20 D3A 1387
0.018942 3 E0W 144
0.01882 17 L3Y 1552
0.01855 3 K4Y 2014
0.018537 11 A1F 455
0.01848 20 D1D 508
0.018415 11 M4Y 2035
0.018384 4 P1R 737
0.018247 4 M2T 1151
0.018238 17 C2P 981
0.018091 10 M0A 253
0.017995 3 V3G 1730
0.01795 6 F2G 1163
0.017843 16 W3Q 1686
0.017821 9 T3V 1679
0.017701 4 Y1P 834
0.017682 6 H4K 1944
0.017621 6 D0F 77
0.017594 14 P0N 297
0.017429 16 A0V 20
0.017424 9 R0L 32
0.017343 8 R1Y 481
0.017332 3 W3N 1683
0.017332 3 Q2M 1000
0.017268 3 E1H 576
0.017222 3 L3S 1549
0.0172 3 S0N 318
0.017069 4 Y4P 2157
0.016967 10 P0C 299
0.016882 3 C1P 540
0.016807 3 H3V 1511
0.016692 6 F3R 1598
0.016691 6 F1K 726
0.016662 17 Y2F 1274
0.016648 15 Y0D 382
0.016489 14 Q0Y 124
0.016256 3 Q4A 1870
0.016174 6 G0T 164
0.016156 16 A2W 900
0.016113 9 D0I 73
0.016059 5 H0R 170
0.016048 7 F1H 723
0.016036 7 C0M 97
0.016036 5 H2Q 1056
0.016036 3 Q3N 1431
0.015861 7 C1N 528
0.01582 7 V2Y 1300
0.015648 4 Q0G 113
0.015608 5 Y1G 827
0.015575 10 L3W 1551
0.015449 3 K3S 1570
0.01533 15 R2M 916
0.015247 5 S1R 758
0.015188 3 C1F 539
0.015186 4 R4S 1801
0.015135 16 R3G 1352
0.015061 5 G3T 1487
0.014971 3 N3F 1379
0.014965 5 E3H 1458
0.014794 13 W1K 810
0.01463 3 N3A 1366
0.014617 10 G2Q 1035
0.014562 8 E0K 138
0.014526 6 N3V 1385
0.014464 3 Q2I 997
0.014437 5 I3R 1514
0.014428 17 G2Y 1048
0.014324 5 R0M 34
0.014322 8 P3I 1627
0.014303 5 G1K 600
0.014268 6 G3W 1488
0.014268 11 M0W 270
0.014229 11 P2C 1181
0.014101 6 C2L 977
0.014052 12 K3C 1559
0.013994 19 G4F 1925
0.013887 5 F1Q 720
0.013881 8 C1S 541
0.013871 5 K1Q 678
0.013862 3 M1F 707
0.013858 3 W2K 1251
0.013858 3 P1H 744
0.013791 10 I3G 1520
0.01378 6 V4H 2172
0.01378 12 F1W 732
0.013767 6 V3R 1724
0.013751 10 N4F 1820
0.013741 8 E2G 1016
0.01365 11 P1G 743
0.013592 7 Y0N 381
0.013576 6 S3A 1639
0.013541 5 E1L 578
0.013524 3 N1V 503
0.013444 12 M1N 696
0.013437 12 F0A 274
0.01332 20 C2E 973
0.013279 5 T0R 338
0.013278 13 H4A 1933
0.013208 7 F2A 1156
0.013189 6 D4R 1829
0.013167 3 Q2C 992
